202330250000000470
202330250000000471
202330250000000472
202330250000000473
202330250000000474
202330250000000475
202330250000000476
202330250000000477
202330250000000478
202330250000000479
202330250000000480
202330250000000481
202330250000000482
202330250000000483
202330250000000484
202330250000000485
202330250000000486
202330250000000487
202330250000000488
202330250000000489
202330250000000490
202330250000000491
202330250000000492
202330250000000493
202330250000000494
202330250000000495
202330250000000496
202330250000000497
202330250000000498
202330250000000499
202330250000000500
202330250000000501
202330250000000502
202330250000000503
202330250000000504
202330250000000505
202330250000000506
202330250000000507
202330250000000508
202330250000000509
202330250000000510
202330250000000511
202330250000000512
202330250000000513
202330250000000514
202330250000000515
202330250000000516
202330250000000517
202330250000000518
202330250000000519
202330250000000520
202330250000000521
202330250000000522
202330250000000523
202330250000000524
202330250000000525
202330250000000526
202330250000000527
202330250000000528
202330250000000529
202330250000000530
202330250000000531
202330250000000532
202330250000000533
202330250000000534
202330250000000535
202330250000000536
202330250000000537
202330250000000538
202330250000000539
202330250000000540
202330250000000541
202330250000000542
202330250000000543
202330250000000544
202330250000000545
202330250000000546
202330250000000547
202330250000000548
202330250000000549
202330250000000550
202330250000000551
202330250000000552
202330250000000553
202330250000000554
202330250000000555
202330250000000556
202330250000000557
202330250000000558
202330250000000559
202330250000000560
202330250000000561
202330250000000562
202330250000000563
202330250000000564
202330250000000565
202330250000000566
202330250000000567
202330250000000568
202330250000000569
202330250000000570
202330250000000571
202330250000000572
202330250000000573
202330250000000574
202330250000000575
202330250000000576
202330250000000577
202330250000000578
202330250000000579
202330250000000580
202330250000000581
202330250000000582
202330250000000583
202330250000000584
202330250000000585
202330250000000586
202330250000000587
202330250000000588
202330250000000589
202330250000000590
202330250000000591
202330250000000592
202330250000000593
202330250000000594
202330250000000595
202330250000000596
202330250000000597
202330250000000598
202330250000000599
202330250000000600
202330250000000601
202330250000000602
202330250000000603
202330250000000604
202330250000000605
202330250000000606
202330250000000607
202330250000000608
202330250000000609
202330250000000610
202330250000000611
202330250000000612
202330250000000613
202330250000000614
202330250000000615
202330250000000616
202330250000000617
202330250000000618
202330250000000619
202330250000000620
202330250000000621
202330250000000622
202330250000000623
202330250000000624
202330250000000625
202330250000000626
202330250000000627
202330250000000628
202330250000000629
202330250000000630
202330250000000631
202330250000000632
202330250000000633
202330250000000634
202330250000000635
202330250000000636
202330250000000637
202330250000000638
202330250000000639
202330250000000640
202330250000000641
202330250000000642
202330250000000643
202330250000000644
202330250000000645
202330250000000646
202330250000000647
202330250000000648
202330250000000649
202330250000000650
202330250000000651
202330250000000652
202330250000000653
202330250000000654
202330250000000655
202330250000000656
202330250000000657
202330250000000658
202330250000000659
202330250000000660
202330250000000661
202330250000000662
202330250000000663
202330250000000664
202330250000000665
202330250000000666
202330250000000667
202330250000000668
202330250000000669
202330250000000670
202330250000000671
202330250000000672
202330250000000673
202330250000000674
202330250000000675
202330250000000676
202330250000000677
202330250000000678
202330250000000679
202330250000000680
202330250000000681
202330250000000682
202330250000000683
202330250000000684
202330250000000685
202330250000000686
202330250000000687
202330250000000688
202330250000000689
202330250000000690
202330250000000691
202330250000000692
202330250000000693
202330250000000694
202330250000000695
202330250000000696
202330250000000697
202330250000000698
202330250000000699
202330250000000700
202330250000000701
202330250000000702
202330250000000703
202330250000000704
202330250000000705
202330250000000706
202330250000000707
202330250000000708
202330250000000709
202330250000000710
202330250000000711
202330250000000712
202330250000000713
202330250000000714
202330250000000715
202330250000000716
202330250000000717
202330250000000718
202330250000000719
202330250000000720
202330250000000721
202330250000000722
202330250000000723
202330250000000724
202330250000000725
202330250000000726
202330250000000727
202330250000000728
202330250000000729
202330250000000730
202330250000000731
202330250000000732
202330250000000733
202330250000000734
202330250000000735
202330250000000736
202330250000000737
202330250000000738
202330250000000739
202330250000000740
202330250000000741
202330250000000742
202330250000000743
202330250000000744
202330250000000745
202330250000000746
202330250000000747
202330250000000748
202330250000000749
202330250000000750
202330250000000751
202330250000000752
202330250000000753
202330250000000754
202330250000000755
202330250000000756
202330250000000757
202330250000000758
202330250000000759
202330250000000760
202330250000000761
202330250000000762
202330250000000763
202330250000000764
202330250000000765
202330250000000766
202330250000000767
202330250000000768
202330250000000769
202330250000000770
202330250000000771
202330250000000772
202330250000000773
202330250000000774
202330250000000775
202330250000000776
202330250000000777
202330250000000778
202330250000000779
202330250000000780
202330250000000781
202330250000000782
202330250000000783
202330250000000784
202330250000000785
202330250000000786
202330250000000787
202330250000000788
202330250000000789
202330250000000790
202330250000000791
202330250000000792
202330250000000793
202330250000000794
202330250000000795
202330250000000796
202330250000000797
202330250000000798
202330250000000799
202330250000000800
202330250000000801
202330250000000802
202330250000000803
202330250000000804
202330250000000805
202330250000000806
202330250000000807
202330250000000808
202330250000000809
202330250000000810
202330250000000811
202330250000000812
202330250000000813
202330250000000814
202330250000000815
202330250000000816
202330250000000817
202330250000000818
202330250000000819
202330250000000820
202330250000000821
202330250000000822
202330250000000823
202330250000000824
202330250000000825
202330250000000826
202330250000000827
202330250000000828
202330250000000829
202330250000000830
202330250000000831
202330250000000832
202330250000000833
202330250000000834
202330250000000835
202330250000000836
202330250000000837
202330250000000838
202330250000000839
202330250000000840
202330250000000841
202330250000000842
202330250000000843
202330250000000844
202330250000000845
202330250000000846
202330250000000847
202330250000000848
202330250000000849
202330250000000850
202330250000000851
202330250000000852
202330250000000853
202330250000000854
202330250000000855
202330250000000856
202330250000000857
202330250000000858
202330250000000859
202330250000000860
202330250000000861
202330250000000862
202330250000000863
202330250000000864
202330250000000865
202330250000000866
202330250000000867
202330250000000868
202330250000000869
202330250000000870
202330250000000871
202330250000000872
202330250000000873
202330250000000874
202330250000000875
202330250000000876
202330250000000877
202330250000000878
202330250000000879
202330250000000880
202330250000000881
202330250000000882
202330250000000883
202330250000000884
202330250000000885
202330250000000886
202330250000000887
202330250000000888
202330250000000889
202330250000000890
202330250000000891
202330250000000892
202330250000000893
202330250000000894
202330250000000895
202330250000000896
202330250000000897
202330250000000898
202330250000000899
202330250000000900
202330250000000901
202330250000000902
202330250000000903
202330250000000904
202330250000000905
202330250000000906
202330250000000907
202330250000000908
202330250000000909
202330250000000910
202330250000000911
202330250000000912
202330250000000913
202330250000000914
202330250000000915
202330250000000916
202330250000000917
202330250000000918
202330250000000919
202330250000000920
202330250000000921
202330250000000922
202330250000000923
202330250000000924
202330250000000925
202330250000000926
202330250000000927
202330250000000928
202330250000000929
202330250000000930
202330250000000931
202330250000000932
202330250000000933
202330250000000934
202330250000000935
202330250000000936
202330250000000937
