202330250000000001
202330250000000002
202330250000000003
202330250000000004
202330250000000005
202330250000000006
202330250000000007
202330250000000008
202330250000000009
202330250000000010
202330250000000011
202330250000000012
202330250000000013
202330250000000014
202330250000000015
202330250000000016
202330250000000017
202330250000000018
202330250000000019
202330250000000020
202330250000000021
202330250000000022
202330250000000023
202330250000000024
202330250000000025
202330250000000026
202330250000000027
202330250000000028
202330250000000029
202330250000000030
202330250000000031
202330250000000032
202330250000000033
202330250000000034
202330250000000035
202330250000000036
202330250000000037
202330250000000038
202330250000000039
202330250000000040
202330250000000041
202330250000000042
202330250000000043
202330250000000044
202330250000000045
202330250000000046
202330250000000047
202330250000000048
202330250000000049
202330250000000050
202330250000000051
202330250000000052
202330250000000053
202330250000000054
202330250000000055
202330250000000056
202330250000000057
202330250000000058
202330250000000059
202330250000000060
202330250000000061
202330250000000062
202330250000000063
202330250000000064
202330250000000065
202330250000000066
202330250000000067
202330250000000068
202330250000000069
202330250000000070
202330250000000071
202330250000000072
202330250000000073
202330250000000074
202330250000000075
202330250000000076
202330250000000077
202330250000000078
202330250000000079
202330250000000080
202330250000000081
202330250000000082
202330250000000083
202330250000000084
202330250000000085
202330250000000086
202330250000000087
202330250000000088
202330250000000089
202330250000000090
202330250000000091
202330250000000092
202330250000000093
202330250000000094
202330250000000095
202330250000000096
202330250000000097
202330250000000098
202330250000000099
202330250000000100
202330250000000101
202330250000000102
202330250000000103
202330250000000104
202330250000000105
202330250000000106
202330250000000107
202330250000000108
202330250000000109
202330250000000110
202330250000000111
202330250000000112
202330250000000113
202330250000000114
202330250000000115
202330250000000116
202330250000000117
202330250000000118
202330250000000119
202330250000000120
202330250000000121
202330250000000122
202330250000000123
202330250000000124
202330250000000125
202330250000000126
202330250000000127
202330250000000128
202330250000000129
202330250000000130
202330250000000131
202330250000000132
202330250000000133
202330250000000134
202330250000000135
202330250000000136
202330250000000137
202330250000000138
202330250000000139
202330250000000140
202330250000000141
202330250000000142
202330250000000143
202330250000000144
202330250000000145
202330250000000146
202330250000000147
202330250000000148
202330250000000149
202330250000000150
202330250000000151
202330250000000152
202330250000000153
202330250000000154
202330250000000155
202330250000000156
202330250000000157
202330250000000158
202330250000000159
202330250000000160
202330250000000161
202330250000000162
202330250000000163
202330250000000164
202330250000000165
202330250000000166
202330250000000167
202330250000000168
202330250000000169
202330250000000170
202330250000000171
202330250000000172
202330250000000173
202330250000000174
202330250000000175
202330250000000176
202330250000000177
202330250000000178
202330250000000179
202330250000000180
202330250000000181
202330250000000182
202330250000000183
202330250000000184
202330250000000185
202330250000000186
202330250000000187
202330250000000188
202330250000000189
202330250000000190
202330250000000191
202330250000000192
202330250000000193
202330250000000194
202330250000000195
202330250000000196
202330250000000197
202330250000000198
202330250000000199
202330250000000200
202330250000000201
202330250000000202
202330250000000203
202330250000000204
202330250000000205
202330250000000206
202330250000000207
202330250000000208
202330250000000209
202330250000000210
202330250000000211
202330250000000212
202330250000000213
202330250000000214
202330250000000215
202330250000000216
202330250000000217
202330250000000218
202330250000000219
202330250000000220
202330250000000221
202330250000000222
202330250000000223
202330250000000224
202330250000000225
202330250000000226
202330250000000227
202330250000000228
202330250000000229
202330250000000230
202330250000000231
202330250000000232
202330250000000233
202330250000000234
202330250000000235
202330250000000236
202330250000000237
202330250000000238
202330250000000239
202330250000000240
202330250000000241
202330250000000242
202330250000000243
202330250000000244
202330250000000245
202330250000000246
202330250000000247
202330250000000248
202330250000000249
202330250000000250
202330250000000251
202330250000000252
202330250000000253
202330250000000254
202330250000000255
202330250000000256
202330250000000257
202330250000000258
202330250000000259
202330250000000260
202330250000000261
202330250000000262
202330250000000263
202330250000000264
202330250000000265
202330250000000266
202330250000000267
202330250000000268
202330250000000269
202330250000000270
202330250000000271
202330250000000272
202330250000000273
202330250000000274
202330250000000275
202330250000000276
202330250000000277
202330250000000278
202330250000000279
202330250000000280
202330250000000281
202330250000000282
202330250000000283
202330250000000284
202330250000000285
202330250000000286
202330250000000287
202330250000000288
202330250000000289
202330250000000290
202330250000000291
202330250000000292
202330250000000293
202330250000000294
202330250000000295
202330250000000296
202330250000000297
202330250000000298
202330250000000299
202330250000000300
202330250000000301
202330250000000302
202330250000000303
202330250000000304
202330250000000305
202330250000000306
202330250000000307
202330250000000308
202330250000000309
202330250000000310
202330250000000311
202330250000000312
202330250000000313
202330250000000314
202330250000000315
202330250000000316
202330250000000317
202330250000000318
202330250000000319
202330250000000320
202330250000000321
202330250000000322
202330250000000323
202330250000000324
202330250000000325
202330250000000326
202330250000000327
202330250000000328
202330250000000329
202330250000000330
202330250000000331
202330250000000332
202330250000000333
202330250000000334
202330250000000335
202330250000000336
202330250000000337
202330250000000338
202330250000000339
202330250000000340
202330250000000341
202330250000000342
202330250000000343
202330250000000344
202330250000000345
202330250000000346
202330250000000347
202330250000000348
202330250000000349
202330250000000350
202330250000000351
202330250000000352
202330250000000353
202330250000000354
202330250000000355
202330250000000356
202330250000000357
202330250000000358
202330250000000359
202330250000000360
202330250000000361
202330250000000362
202330250000000363
202330250000000364
202330250000000365
202330250000000366
202330250000000367
202330250000000368
202330250000000369
202330250000000370
202330250000000371
202330250000000372
202330250000000373
202330250000000374
202330250000000375
202330250000000376
202330250000000377
202330250000000378
202330250000000379
202330250000000380
202330250000000381
202330250000000382
202330250000000383
202330250000000384
202330250000000385
202330250000000386
202330250000000387
202330250000000388
202330250000000389
202330250000000390
202330250000000391
202330250000000392
202330250000000393
202330250000000394
202330250000000395
202330250000000396
202330250000000397
202330250000000398
202330250000000399
202330250000000400
202330250000000401
202330250000000402
202330250000000403
202330250000000404
202330250000000405
202330250000000406
202330250000000407
202330250000000408
202330250000000409
202330250000000410
202330250000000411
202330250000000412
202330250000000413
202330250000000414
202330250000000415
202330250000000416
202330250000000417
202330250000000418
202330250000000419
202330250000000420
202330250000000421
202330250000000422
202330250000000423
202330250000000424
202330250000000425
202330250000000426
202330250000000427
202330250000000428
202330250000000429
202330250000000430
202330250000000431
202330250000000432
202330250000000433
202330250000000434
202330250000000435
202330250000000436
202330250000000437
202330250000000438
202330250000000439
202330250000000440
202330250000000441
202330250000000442
202330250000000443
202330250000000444
202330250000000445
202330250000000446
202330250000000447
202330250000000448
202330250000000449
202330250000000450
202330250000000451
202330250000000452
202330250000000453
202330250000000454
202330250000000455
202330250000000456
202330250000000457
202330250000000458
202330250000000459
202330250000000460
202330250000000461
202330250000000462
202330250000000463
202330250000000464
202330250000000465
202330250000000466
202330250000000467
202330250000000468
202330250000000469
